Cond	Weight	HotIn	HotOut	ColdIn	ColdOut	Month	Day	Hour	Minute	Second
0.00	176.0	-242.02	-242.02	-242.02	-242.02	5	31	11	15	0
0.00	70.5	-242.02	-242.02	-242.02	-242.02	5	31	11	17	0
0.00	538.0	-242.02	-242.02	-242.02	-242.02	5	31	11	19	0
0.00	176.0	-242.02	-242.02	-242.02	-242.02	5	31	11	21	0
0.00	467.5	-242.02	-242.02	-242.02	-242.02	5	31	11	23	0
0.00	246.5	-242.02	-242.02	-242.02	-242.02	5	31	11	25	0
0.00	246.5	-242.02	-242.02	-242.02	-242.02	5	31	11	27	0
0.00	246.5	-242.02	-242.02	-242.02	-242.02	5	31	11	29	0
0.00	176.0	-242.02	-242.02	-242.02	-242.02	5	31	11	31	0
0.00	176.0	-242.02	-242.02	-242.02	-242.02	5	31	11	33	0
