Cond	Weight	HotIn	HotOut	ColdIn	ColdOut	Month	Day	Hour	Minute	Second
0.00	70.5	-242.02	-242.02	-242.02	-242.02	5	30	16	52	0
0.00	74.5	-242.02	-242.02	-242.02	-242.02	5	30	16	54	0
0.00	74.5	-242.02	-242.02	-242.02	-242.02	5	30	16	56	0
0.00	366.0	-242.02	-242.02	-242.02	-242.02	5	30	16	58	0
0.00	362.0	-242.02	-242.02	-242.02	-242.02	5	30	17	0	0
0.00	362.0	-242.02	-242.02	-242.02	-242.02	5	30	17	2	0
0.00	362.0	-242.02	-242.02	-242.02	-242.02	5	30	17	4	0
0.00	362.0	-242.02	-242.02	-242.02	-242.02	5	30	17	6	0
0.00	362.0	-242.02	-242.02	-242.02	-242.02	5	30	17	8	0
0.00	362.0	-242.02	-242.02	-242.02	-242.02	5	30	17	10	0
0.00	366.0	-242.02	-242.02	-242.02	-242.02	5	30	17	12	0
0.00	366.0	-242.02	-242.02	-242.02	-242.02	5	30	17	14	0
0.00	366.0	-242.02	-242.02	-242.02	-242.02	5	30	17	16	0
0.00	366.0	-242.02	-242.02	-242.02	-242.02	5	30	17	18	0
0.00	366.0	-242.02	-242.02	-242.02	-242.02	5	30	17	20	0
0.00	366.0	-242.02	-242.02	-242.02	-242.02	5	30	17	22	0
0.00	366.0	-242.02	-242.02	-242.02	-242.02	5	30	17	24	0
0.00	295.5	-242.02	-242.02	-242.02	-242.02	5	30	17	26	0
0.00	295.5	-242.02	-242.02	-242.02	-242.02	5	30	17	28	0
0.00	295.5	-242.02	-242.02	-242.02	-242.02	5	30	17	30	0
0.00	295.5	-242.02	-242.02	-242.02	-242.02	5	30	17	32	0
0.00	295.5	-242.02	-242.02	-242.02	-242.02	5	30	17	34	0
0.00	295.5	-242.02	-242.02	-242.02	-242.02	5	30	17	36	0
0.00	295.5	-242.02	-242.02	-242.02	-242.02	5	30	17	38	0
0.00	74.5	-242.02	-242.02	-242.02	-242.02	5	30	17	40	0
0.00	74.5	-242.02	-242.02	-242.02	-242.02	5	30	17	42	0
0.00	74.5	-242.02	-242.02	-242.02	-242.02	5	30	17	44	0
0.00	74.5	-242.02	-242.02	-242.02	-242.02	5	30	17	46	0
0.00	74.5	-242.02	-242.02	-242.02	-242.02	5	30	17	48	0
0.00	74.5	-242.02	-242.02	-242.02	-242.02	5	30	17	49	0
0.00	74.5	-242.02	-242.02	-242.02	-242.02	5	30	17	51	0
0.00	74.5	-242.02	-242.02	-242.02	-242.02	5	30	17	53	0
0.00	74.5	-242.02	-242.02	-242.02	-242.02	5	30	17	55	0
0.00	74.5	-242.02	-242.02	-242.02	-242.02	5	30	17	57	0
0.00	74.5	-242.02	-242.02	-242.02	-242.02	5	30	17	59	0
0.00	74.5	-242.02	-242.02	-242.02	-242.02	5	30	18	1	0
0.00	74.5	-242.02	-242.02	-242.02	-242.02	5	30	18	3	0
0.00	74.5	-242.02	-242.02	-242.02	-242.02	5	30	18	5	0
0.00	74.5	-242.02	-242.02	-242.02	-242.02	5	30	18	7	0
0.00	74.5	-242.02	-242.02	-242.02	-242.02	5	30	18	9	0
0.00	74.5	-242.02	-242.02	-242.02	-242.02	5	30	18	11	0
0.00	74.5	-242.02	-242.02	-242.02	-242.02	5	30	18	13	0
0.00	74.5	-242.02	-242.02	-242.02	-242.02	5	30	18	15	0
0.00	74.5	-242.02	-242.02	-242.02	-242.02	5	30	18	17	0
0.00	74.5	-242.02	-242.02	-242.02	-242.02	5	30	18	19	0
0.00	74.5	-242.02	-242.02	-242.02	-242.02	5	30	18	21	0
0.00	74.5	-242.02	-242.02	-242.02	-242.02	5	30	18	23	0
0.00	74.5	-242.02	-242.02	-242.02	-242.02	5	30	18	25	0
0.00	74.5	-242.02	-242.02	-242.02	-242.02	5	30	18	27	0
0.00	74.5	-242.02	-242.02	-242.02	-242.02	5	30	18	29	0
0.00	74.5	-242.02	-242.02	-242.02	-242.02	5	30	18	31	0
4.69	74.5	-242.02	-242.02	-242.02	-242.02	5	30	18	33	0
0.00	74.5	-242.02	-242.02	-242.02	-242.02	5	30	18	35	0
0.00	74.5	-242.02	-242.02	-242.02	-242.02	5	30	18	37	0
0.00	74.5	-242.02	-242.02	-242.02	-242.02	5	30	18	39	0
0.00	74.5	-242.02	-242.02	-242.02	-242.02	5	30	18	41	0
0.00	74.5	-242.02	-242.02	-242.02	-242.02	5	30	18	43	0
0.00	74.5	-242.02	-242.02	-242.02	-242.02	5	30	18	45	0
0.00	74.5	-242.02	-242.02	-242.02	-242.02	5	30	18	47	0
0.00	74.5	-242.02	-242.02	-242.02	-242.02	5	30	18	49	0
0.00	74.5	-242.02	-242.02	-242.02	-242.02	5	30	18	51	0
0.00	74.5	-242.02	-242.02	-242.02	-242.02	5	30	18	53	0
0.00	74.5	-242.02	-242.02	-242.02	-242.02	5	30	18	55	0
0.00	74.5	-242.02	-242.02	-242.02	-242.02	5	30	18	57	0
0.00	74.5	-242.02	-242.02	-242.02	-242.02	5	30	18	59	0
0.00	74.5	-242.02	-242.02	-242.02	-242.02	5	30	19	1	0
0.00	74.5	-242.02	-242.02	-242.02	-242.02	5	30	19	3	0
0.00	74.5	-242.02	-242.02	42.02	5	30	19	5	0
0.00	74.5	-242.02	-242.02	-242.02	-242.02	5	30	19	7	0
0.00	74.5	-242.02	-242.02	-242.02	-242.02	5	30	19	9	0
0.00	74.5	-242.02	-242.02	-242.02	-242.02	5	30	19	11	0
0.00	74.5	-242.02	-242.02	-242.02	-242.02	5	30	19	13	0
0.00	74.5	-242.02	-242.02	-242.02	-242.02	5	30	19	15	0
0.00	74.5	-242.02	-242.02	-242.02	-242.02	5	30	19	17	0
0.00	74.5	-242.02	-242.02	-242.02	-242.02	5	30	19	19	0
0.00	74.5	-242.02	-242.02	-242.02	-242.02	5	30	19	21	0
0.00	75.0	-242.02	-242.02	-242.02	-242.02	5	30	19	23	0
0.00	74.5	-242.02	-242.02	-242.02	-242.02	5	30	19	25	0
0.00	74.5	-242.02	-242.02	-242.02	-242.02	5	30	19	27	0
0.00	74.5	-242.02	-242.02	-242.02	-242.02	5	30	19	29	0
0.00	74.5	-242.02	-242.02	-242.02	-242.02	5	30	19	31	0
0.00	74.5	-242.02	-242.02	-242.02	-242.02	5	30	19	33	0
0.00	74.5	-242.02	-242.02	-242.02	-242.02	5	30	19	35	0
0.00	75.0	-242.02	-242.02	-242.02	-242.02	5	30	19	37	0
0.00	75.0	-242.02	-242.02	-242.02	-242.02	5	30	19	39	0
0.00	74.5	-242.02	-242.02	-242.02	-242.02	5	30	19	41	0
0.00	74.5	-242.02	-242.02	-242.02	-242.02	5	30	19	43	0
0.00	75.0	-242.02	-242.02	-242.02	-242.02	5	30	19	45	0
0.00	74.5	-242.02	-242.02	-242.02	-242.02	5	30	19	47	0
0.00	74.5	-242.02	-242.02	-242.02	-242.02	5	30	19	49	0
0.00	75.0	-242.02	-242.02	-242.02	-242.02	5	30	19	51	0
0.00	75.0	-242.02	-242.02	-242.02	-242.02	5	30	19	53	0
0.00	74.5	-242.02	-242.02	-242.02	-242.02	5	30	19	55	0
0.00	74.5	-242.02	-242.02	-242.02	-242.02	5	30	19	57	0
0.00	74.5	-242.02	-242.02	-242.02	-242.02	5	30	19	59	0
0.00	74.5	-242.02	-242.02	-242.02	-242.02	5	30	20	1	0
0.00	75.0	-242.02	-242.02	-242.02	-242.02	5	30	20	3	0
0.00	74.5	-242.02	-242.02	-242.02	-242.02	5	30	20	5	0
0.00	75.0	-242.02	-242.02	-242.02	-242.02	5	30	20	7	0
0.00	74.5	-242.02	-242.02	-242.02	-242.02	5	30	20	9	0
0.00	75.0	-242.02	-242.02	-242.02	-242.02	5	30	20	11	0
0.00	75.0	-242.02	-242.02	-242.02	-242.02	5	30	20	13	0
0.00	75.0	-242.02	-242.02	-242.02	-242.02	5	30	20	15	0
0.00	74.5	-242.02	-242.02	-242.02	-242.02	5	30	20	17	0
0.00	74.5	-242.02	-242.02	-242.02	-242.02	5	30	20	19	0
0.00	74.5	-242.02	-242.02	-242.02	-242.02	5	30	20	21	0
0.00	74.5	-242.02	-242.02	-242.02	-242.02	5	30	20	23	0
0.00	74.5	-242.02	-242.02	-242.02	-242.02	5	30	20	25	0
0.00	74.5	-242.02	-242.02	-242.02	-242.02	5	30	20	27	0
0.00	75.0	-242.02	-242.02	-242.02	-242.02	5	30	20	29	0
0.00	74.5	-242.02	-242.02	-242.02	-242.02	5	30	20	31	0
0.00	74.5	-242.02	-242.02	-242.02	-242.02	5	30	20	33	0
0.00	74.5	-242.02	-242.02	-242.02	-242.02	5	30	20	35	0
0.00	74.5	-242.02	-242.02	-242.02	-242.02	5	30	20	37	0
0.00	74.5	-242.02	-242.02	-242.02	-242.02	5	30	20	39	0
0.00	74.5	-242.02	-242.02	-242.02	-242.02	5	30	20	41	0
0.00	75.0	-242.02	-242.02	-242.02	-242.02	5	30	20	43	0
0.00	74.5	-242.02	-242.02	-242.02	-242.02	5	30	20	45	0
0.00	74.5	-242.02	-242.02	-242.02	-242.02	5	30	20	47	0
0.00	74.5	-242.02	-242.02	-242.02	-242.02	5	30	20	49	0
0.00	74.5	-242.02	-242.02	-242.02	-242.02	5	30	20	51	0
0.00	74.5	-242.02	-242.02	-242.02	-242.02	5	30	20	53	0
0.00	74.5	-242.02	-242.02	-242.02	-242.02	5	30	20	55	0
0.00	74.5	-242.02	-242.02	-242.02	-242.02	5	30	20	57	0
0.00	74.5	-242.02	-242.02	-242.02	-242.02	5	30	20	59	0
0.00	74.5	-242.02	-242.02	-242.02	-242.02	5	30	21	1	0
0.00	74.5	-242.02	-242.02	-242.02	-242.02	5	30	21	3	0
0.00	74.5	-242.02	-242.02	-242.02	-242.02	5	30	21	5	0
0.00	74.5	-242.02	-242.02	-242.02	-242.02	5	30	21	7	0
0.00	74.5	-242.02	-242.02	-242.02	-242.02	5	30	21	9	0
0.00	74.5	-242.02	-242.02	-242.02	-242.02	5	30	21	11	0
0.00	74.5	-242.02	-242.02	-242.02	-242.02	5	30	21	13	0
0.00	74.5	-242.02	-242.02	242.02	5	30	21	15	0
0.00	74.5	-242.02	-242.02	-242.02	-242.02	5	30	21	17	0
0.00	74.5	-242.02	-242.02	-242.02	-242.02	5	30	21	19	0
0.00	74.5	-242.02	-242.02	-242.02	-242.02	5	30	21	21	0
0.00	74.5	-242.02	-242.02	-242.02	-242.02	5	30	21	23	0
0.00	74.5	-242.02	-242.02	-242.02	-242.02	5	30	21	25	0
0.00	74.5	-242.02	-242.02	-242.02	-242.02	5	30	21	27	0
0.00	74.5	-242.02	-242.02	-242.02	-242.02	5	30	21	29	0
0.00	74.5	-242.02	-242.02	-242.02	-242.02	5	30	21	31	0
0.00	74.5	-242.02	-242.02	-242.02	-242.02	5	30	21	33	0
0.00	74.5	-242.02	-242.02	-242.02	-242.02	5	30	21	35	0
0.00	74.5	-242.02	-242.02	-242.02	-242.02	5	30	21	37	0
0.00	74.5	-242.02	-242.02	-242.02	-242.02	5	30	21	39	0
0.00	74.5	-242.02	-242.02	-242.02	-242.02	5	30	21	41	0
0.00	74.5	-242.02	-242.02	-242.02	-242.02	5	30	21	43	0
0.00	74.5	-242.02	-242.02	-242.02	-242.02	5	30	21	45	0
0.00	74.5	-242.02	-242.02	-242.02	-242.02	5	30	21	47	0
0.00	74.5	-242.02	-242.02	-242.02	-242.02	5	30	21	49	0
0.00	74.5	-242.02	-242.02	-242.02	-242.02	5	30	21	51	0
0.00	74.5	-242.02	-242.02	-242.02	-242.02	5	30	21	53	0
0.00	74.5	-242.02	-242.02	-242.02	-242.02	5	30	21	55	0
0.00	74.5	-242.02	-242.02	-242.02	-242.02	5	30	21	57	0
0.00	74.5	-242.02	-242.02	-242.02	-242.02	5	30	21	59	0
0.00	74.5	-242.02	-242.02	-242.02	-242.02	5	30	22	1	0
0.00	74.5	-242.02	-242.02	-242.02	-242.02	5	30	22	3	0
0.00	74.5	-242.02	-242.02	-242.02	-242.02	5	30	22	5	0
0.00	74.5	-242.02	-242.02	-242.02	-242.02	5	30	22	7	0
0.00	74.5	-242.02	-242.02	-242.02	-242.02	5	30	22	9	0
0.00	74.5	-242.02	-242.02	-242.02	-242.02	5	30	22	11	0
0.00	74.5	-242.02	-242.02	-242.02	-242.02	5	30	22	13	0
0.00	74.5	-242.02	-242.02	-242.02	-242.02	5	30	22	15	0
0.00	74.5	-242.02	-242.02	-242.02	-242.02	5	30	22	17	0
0.00	74.5	-242.02	-242.02	-242.02	-242.02	5	30	22	19	0
0.00	74.5	-242.02	-242.02	-242.02	-242.02	5	30	22	21	0
0.00	74.5	-242.02	-242.02	-242.02	-242.02	5	30	22	23	0
0.00	74.5	-242.02	-242.02	-242.02	-242.02	5	30	22	25	0
0.00	74.5	-242.02	-242.02	-242.02	-242.02	5	30	22	27	0
0.00	74.5	-242.02	-242.02	-242.02	-242.02	5	30	22	29	0
0.00	74.5	-242.02	-242.02	-242.02	-242.02	5	30	22	31	0
0.00	74.5	-242.02	-242.02	-242.02	-242.02	5	30	22	33	0
0.00	74.5	-242.02	-242.02	-242.02	-242.02	5	30	22	35	0
0.00	74.5	-242.02	-242.02	-242.02	-242.02	5	30	22	37	0
0.00	74.5	-242.02	-242.02	-242.02	-242.02	5	30	22	39	0
0.00	74.5	-242.02	-242.02	-242.02	-242.02	5	30	22	41	0
0.00	74.5	-242.02	-242.02	-242.02	-242.02	5	30	22	43	0
0.00	74.5	-242.02	-242.02	-242.02	-242.02	5	30	22	45	0
0.00	74.5	-242.02	-242.02	-242.02	-242.02	5	30	22	47	0
0.00	74.5	-242.02	-242.02	-242.02	-242.02	5	30	22	49	0
0.00	74.5	-242.02	-242.02	-242.02	-242.02	5	30	22	51	0
0.00	74.5	-242.02	-242.02	-242.02	-242.02	5	30	22	53	0
0.00	74.5	-242.02	-242.02	-242.02	-242.02	5	30	22	55	0
0.00	74.5	-242.02	-242.02	-242.02	-242.02	5	30	22	57	0
0.00	74.5	-242.02	-242.02	-242.02	-242.02	5	30	22	59	0
0.00	74.5	-242.02	-242.02	-242.02	-242.02	5	30	23	1	0
0.00	74.5	-242.02	-242.02	-242.02	-242.02	5	30	23	3	0
0.00	74.5	-242.02	-242.02	-242.02	-242.02	5	30	23	5	0
0.00	74.5	-242.02	-242.02	-242.02	-242.02	5	30	23	7	0
0.00	74.5	-242.02	-242.02	-242.02	-242.02	5	30	23	9	0
0.00	74.5	-242.02	-242.02	-242.02	-242.02	5	30	23	11	0
0.00	74.5	-242.02	-242.02	-242.02	-242.02	5	30	23	13	0
0.00	74.5	-242.02	-242.02	-242.02	-242.02	5	30	23	15	0
0.00	74.5	-242.02	-242.02	-242.02	-242.02	5	30	23	17	0
0.00	74.5	-242.02	-242.02	-242.02	-242.02	5	30	23	19	0
0.00	74.5	-242.02	-242.02	-242.02	-242.02	5	30	23	21	0
0.00	74.5	-242.02	-242.02	-242.02	-242.02	5	30	23	23	0
0.00	74.5	-242.02	-242.02		-242.02	5	30	23	25	0
0.00	74.5	-242.02	-242.02	-242.02	-242.02	5	30	23	27	0
0.00	74.5	-242.02	-242.02	-242.02	-242.02	5	30	23	29	0
0.00	74.5	-242.02	-242.02	-242.02	-242.02	5	30	23	31	0
0.00	74.5	-242.02	-242.02	-242.02	-242.02	5	30	23	33	0
0.00	74.5	-242.02	-242.02	-242.02	-242.02	5	30	23	35	0
0.00	74.5	-242.02	-242.02	-242.02	-242.02	5	30	23	37	0
0.00	74.5	-242.02	-242.02	-242.02	-242.02	5	30	23	39	0
0.00	74.5	-242.02	-242.02	-242.02	-242.02	5	30	23	41	0
0.00	74.5	-242.02	-242.02	-242.02	-242.02	5	30	23	43	0
0.00	74.5	-242.02	-242.02	-242.02	-242.02	5	30	23	45	0
0.00	74.5	-242.02	-242.02	-242.02	-242.02	5	30	23	47	0
0.00	74.5	-242.02	-242.02	-242.02	-242.02	5	30	23	49	0
0.00	74.5	-242.02	-242.02	-242.02	-242.02	5	30	23	51	0
0.00	74.5	-242.02	-242.02	-242.02	-242.02	5	30	23	53	0
0.00	74.5	-242.02	-242.02	-242.02	-242.02	5	30	23	55	0
0.00	74.5	-242.02	-242.02	-242.02	-242.02	5	30	23	57	0
0.00	74.5	-242.02	-242.02	-242.02	-242.02	5	30	23	59	0
0.00	74.5	-242.02	-242.02	-242.02	-242.02	5	31	0	1	0
0.00	74.5	-242.02	-242.02	-242.02	-242.02	5	31	0	3	0
0.00	74.5	-242.02	-242.02	-242.02	-242.02	5	31	0	5	0
0.00	74.5	-242.02	-242.02	-242.02	-242.02	5	31	0	7	0
0.00	74.5	-242.02	-242.02	-242.02	-242.02	5	31	0	9	0
0.00	74.5	-242.02	-242.02	-242.02	-242.02	5	31	0	11	0
0.00	74.5	-242.02	-242.02	-242.02	-242.02	5	31	0	13	0
0.00	74.5	-242.02	-242.02	-242.02	-242.02	5	31	0	15	0
0.00	74.5	-242.02	-242.02	-242.02	-242.02	5	31	0	17	0
0.00	74.5	-242.02	-242.02	-242.02	-242.02	5	31	0	19	0
0.00	74.5	-242.02	-242.02	-242.02	-242.02	5	31	0	21	0
0.00	74.5	-242.02	-242.02	-242.02	-242.02	5	31	0	23	0
0.00	74.5	-242.02	-242.02	-242.02	-242.02	5	31	0	25	0
0.00	74.5	-242.02	-242.02	-242.02	-242.02	5	31	0	27	0
0.00	74.5	-242.02	-242.02	-242.02	-242.02	5	31	0	29	0
0.00	74.5	-242.02	-242.02	-242.02	-242.02	5	31	0	31	0
0.00	74.5	-242.02	-242.02	-242.02	-242.02	5	31	0	33	0
0.00	74.5	-242.02	-242.02	-242.02	-242.02	5	31	0	35	0
0.00	74.5	-242.02	-242.02	-242.02	-242.02	5	31	0	37	0
0.00	74.5	-242.02	-242.02	-242.02	-242.02	5	31	0	39	0
0.00	74.5	-242.02	-242.02	-242.02	-242.02	5	31	0	41	0
0.00	74.5	-242.02	-242.02	-242.02	-242.02	5	31	0	43	0
0.00	74.5	-242.02	-242.02	-242.02	-242.02	5	31	0	45	0
0.00	74.5	-242.02	-242.02	-242.02	-242.02	5	31	0	47	0
0.00	74.5	-242.02	-242.02	-242.02	-242.02	5	31	0	49	0
0.00	74.5	-242.02	-242.02	-242.02	-242.02	5	31	0	51	0
0.00	74.5	-242.02	-242.02	-242.02	-242.02	5	31	0	53	0
0.00	74.5	-242.02	-242.02	-242.02	-242.02	5	31	0	55	0
0.00	74.5	-242.02	-242.02	-242.02	-242.02	5	31	0	57	0
0.00	74.5	-242.02	-242.02	-242.02	-242.02	5	31	0	59	0
0.00	74.5	-242.02	-242.02	-242.02	-242.02	5	31	1	1	0
0.00	74.5	-242.02	-242.02	-242.02	-242.02	5	31	1	3	0
0.00	74.5	-242.02	-242.02	-242.02	-242.02	5	31	1	5	0
0.00	74.5	-242.02	-242.02	-242.02	-242.02	5	31	1	7	0
0.00	74.5	-242.02	-242.02	-242.02	-242.02	5	31	1	9	0
0.00	74.5	-242.02	-242.02	-242.02	-242.02	5	31	1	11	0
0.00	74.5	-242.02	-242.02	-242.02	-242.02	5	31	1	13	0
0.00	74.5	-242.02	-242.02	-242.02	-242.02	5	31	1	15	0
0.00	74.5	-242.02	-242.02	-242.02	-242.02	5	31	1	17	0
0.00	74.5	-242.02	-242.02	-242.02	-242.02	5	31	1	19	0
0.00	74.5	-242.02	-242.02	-242.02	-242.02	5	31	1	21	0
0.00	74.5	-242.02	-242.02	-242.02	-242.02	5	31	1	23	0
0.00	74.5	-242.02	-242.02	-242.02	-242.02	5	31	1	25	0
0.00	74.5	-242.02	-242.02	-242.02	-242.02	5	31	1	27	0
0.00	74.5	-242.02	-242.02	-242.02	-242.02	5	31	1	29	0
0.00	74.5	-242.02	-242.02	-242.02	-242.02	5	31	1	31	0
0.00	74.5	-242.02	-242.02	-242.02	-242.02	5	31	1	33	0
0.00	74.5	-242.02	-242.02	2	-242.02	5	31	1	35	0
0.00	74.5	-242.02	-242.02	-242.02	-242.02	5	31	1	37	0
0.00	74.5	-242.02	-242.02	-242.02	-242.02	5	31	1	39	0
0.00	74.5	-242.02	-242.02	-242.02	-242.02	5	31	1	41	0
0.00	74.5	-242.02	-242.02	-242.02	-242.02	5	31	1	43	0
0.00	74.5	-242.02	-242.02	-242.02	-242.02	5	31	1	45	0
0.00	74.5	-242.02	-242.02	-242.02	-242.02	5	31	1	47	0
0.00	74.5	-242.02	-242.02	-242.02	-242.02	5	31	1	49	0
0.00	74.5	-242.02	-242.02	-242.02	-242.02	5	31	1	51	0
0.00	74.5	-242.02	-242.02	-242.02	-242.02	5	31	1	53	0
0.00	74.5	-242.02	-242.02	-242.02	-242.02	5	31	1	55	0
0.00	74.5	-242.02	-242.02	-242.02	-242.02	5	31	1	57	0
0.00	74.5	-242.02	-242.02	-242.02	-242.02	5	31	1	59	0
0.00	74.5	-242.02	-242.02	-242.02	-242.02	5	31	2	1	0
0.00	74.5	-242.02	-242.02	-242.02	-242.02	5	31	2	3	0
0.00	74.5	-242.02	-242.02	-242.02	-242.02	5	31	2	5	0
0.00	74.5	-242.02	-242.02	-242.02	-242.02	5	31	2	7	0
0.00	74.5	-242.02	-242.02	-242.02	-242.02	5	31	2	9	0
0.00	74.5	-242.02	-242.02	-242.02	-242.02	5	31	2	11	0
0.00	74.5	-242.02	-242.02	-242.02	-242.02	5	31	2	13	0
0.00	74.5	-242.02	-242.02	-242.02	-242.02	5	31	2	15	0
0.00	74.5	-242.02	-242.02	-242.02	-242.02	5	31	2	17	0
0.00	74.5	-242.02	-242.02	-242.02	-242.02	5	31	2	19	0
0.00	74.5	-242.02	-242.02	-242.02	-242.02	5	31	2	21	0
0.00	74.5	-242.02	-242.02	-242.02	-242.02	5	31	2	23	0
0.00	74.5	-242.02	-242.02	-242.02	-242.02	5	31	2	25	0
0.00	74.5	-242.02	-242.02	-242.02	-242.02	5	31	2	27	0
00	74.5	-242.02	-242.02	-242.02	-242.02	5	31	2	29	0
0.00	74.5	-242.02	-242.02	-242.02	-242.02	5	31	2	31	0
0.00	74.5	-242.02	-242.02	-242.02	-242.02	5	31	2	33	0
0.00	74.5	-242.02	-242.02	-242.02	-242.02	5	31	2	35	0
0.00	74.5	-242.02	-242.02	-242.02	-242.02	5	31	2	37	0
0.00	74.5	-242.02	-242.02	-242.02	-242.02	5	31	2	39	0
0.00	74.5	-242.02	-242.02	-242.02	-242.02	5	31	2	41	0
0.00	74.5	-242.02	-242.02	-242.02	-242.02	5	31	2	43	0
0.00	74.5	-242.02	-242.02	-242.02	-242.02	5	31	2	45	0
0.00	74.5	-242.02	-242.02	-242.02	-242.02	5	31	2	47	0
	74.5	-242.02	-242.02	-242.02	-242.02	5	31	2	49	0
0.00	74.5	-242.02	-242.02	-242.02	-242.02	5	31	2	51	0
0.00	74.5	-242.02	-242.02	-242.02	-242.02	5	31	2	53	0
0.00	74.5	-242.02	-242.02	-242.02	-242.02	5	31	2	55	0
0.00	74.5	-242.02	-242.02	-242.02	-242.02	5	31	2	57	0
0.00	74.5	-242.02	-242.02	-242.02	-242.02	5	31	3	0	0
0.00	74.5	-242.02	-242.02	-242.02	-242.02	5	31	3	2	0
0.00	74.5	-242.02	-242.02	-242.02	-242.02	5	31	3	4	0
0.00	74.5	-242.02	-242.02	-242.02	-242.02	5	31	3	6	0
0.00	74.5	-242.02	-242.02	-242.02	-242.02	5	31	3	8	0
0.00	74.5	-242.02	-242.02	-242.02	-242.02	5	31	3	10	0
0.00	74.5	-242.02	-242.02	-242.02	-242.02	5	31	3	12	0
0.00	74.5	-242.02	-242.02	-242.02	-242.02	5	31	3	14	0
0.00	74.5	-242.02	-242.02	-242.02	-242.02	5	31	3	16	0
0.00	74.5	-242.02	-242.02	-242.02	-242.02	5	31	3	18	0
0.00	74.5	-242.02	-242.02	-242.02	-242.02	5	31	3	20	0
0.00	74.5	-242.02	-242.02	-242.02	-242.02	5	31	3	22	0
0.00	74.5	-242.02	-242.02	-242.02	-242.02	5	31	3	24	0
0.00	74.5	-242.02	-242.02	-242.02	-242.02	5	31	3	26	0
0.00	74.5	-242.02	-242.02	-242.02	-242.02	5	31	3	28	0
0.00	74.5	-242.02	-242.02	-242.02	-242.02	5	31	3	30	0
0.00	74.5	-242.02	-242.02	-242.02	-242.02	5	31	3	32	0
0.00	74.5	-242.02	-242.02	-242.02	-242.02	5	31	3	34	0
0.00	74.5	-242.02	-242.02	-242.02	-242.02	5	31	3	36	0
0.00	74.5	-242.02	-242.02	-242.02	-242.02	5	31	3	38	0
0.00	74.5	-242.02	-242.02	-242.02	-242.02	5	31	3	40	0
0.00	74.5	-242.02	-242.02	-242.02	-242.02	5	31	3	42	0
0.00	74.5	-242.02	-242.02	-242.02	-242.02	5	31	3	44	0
0.00	74.5	-242.02	-242.02	-242.02	-242.02	5	31	3	46	0
0.00	74.5	-242.02	-242.02	-242.02	-242.02	5	31	3	48	0
0.00	74.5	-242.02	-242.02	-242.02	-242.02	5	31	3	50	0
0.00	74.5	-242.02	-242.02	-242.02	-242.02	5	31	3	52	0
0.00	74.5	-242.02	-242.02	-242.02	-242.02	5	31	3	54	0
0.00	74.5	-242.02	-242.02	-242.02	-242.02	5	31	3	56	0
0.00	74.5	-242.02	-242.02	-242.02	-242.02	5	31	3	58	0
0.00	74.5	-242.02	-242.02	-242.02	-242.02	5	31	4	0	0
0.00	74.5	-242.02	-242.02	-242.02	-242.02	5	31	4	2	0
0.00	74.5	-242.02	-242.02	-242.02	-242.02	5	31	4	4	0
0.00	74.5	-242.02	-242.02	-242.02	-242.02	5	31	4	6	0
0.00	74.5	-242.02	-242.02	-242.02	-242.02	5	31	4	8	0
0.00	74.5	-242.02	-242.02	-242.02	-242.02	5	31	4	10	0
0.00	74.5	-242.02	-242.02	-242.02	-242.02	5	31	4	12	0
0.00	74.5	-242.02	-242.02	-242.02	-242.02	5	31	4	14	0
0.00	74.5	-242.02	-242.02	-242.02	-242.02	5	31	4	16	0
0.00	74.5	-242.02	-242.02	-242.02	-242.02	5	31	4	18	0
0.00	74.5	-242.02	-242.02	-242.02	-242.02	5	31	4	20	0
0.00	74.5	-242.02	-242.02	-242.02	-242.02	5	31	4	22	0
0.00	74.5	-242.02	-242.02	-242.02	-242.02	5	31	4	24	0
0.00	74.5	-242.02	-242.02	-242.02	-242.02	5	31	4	26	0
0.00	74.5	-242.02	-242.02	-242.02	-242.02	5	31	4	28	0
0.00	74.5	-242.02	-242.02	-242.02	-242.02	5	31	4	30	0
0.00	74.5	-242.02	-242.02	-242.02	-242.02	5	31	4	32	0
0.00	74.5	-242.02	-242.02	-242.02	-242.02	5	31	4	34	0
0.00	74.5	-242.02	-242.02	-242.02	-242.02	5	31	4	36	0
0.00	74.5	-242.02	-242.02	-242.02	-242.02	5	31	4	38	0
0.00	74.5	-242.02	-242.02	-242.02	-242.02	5	31	4	40	0
0.00	74.5	-242.02	-242.02	-242.02	-242.02	5	31	4	42	0
0.00	74.5	-242.02	-242.02	-242.02	-242.02	5	31	4	44	0
0.00	74.5	-242.02	-242.02	-242.02	-242.02	5	31	4	46	0
0.00	74.0	-242.02	-242.02	-242.02	-242.02	5	31	4	48	0
0.00	74.5	-242.02	-242.02	-242.02	-242.02	5	31	4	50	0
0.00	74.5	-242.02	-242.02	-242.02	-242.02	5	31	4	52	0
0.00	74.5	-242.02	-242.02	-242.02	-242.02	5	31	4	54	0
0.00	74.5	-242.02	-242.02	-242.02	-242.02	5	31	4	56	0
0.00	74.5	-242.02	-242.02	-242.02	-242.02	5	31	4	58	0
0.00	74.5	-242.02	-242.02	-242.02	-242.02	5	31	5	0	0
0.00	74.5	-242.02	-242.02	-242.02	-242.02	5	31	5	2	0
0.00	74.5	-242.02	-242.02	-242.02	-242.02	5	31	5	4	0
0.00	74.5	-242.02	-242.02	-242.02	-242.02	5	31	5	6	0
0.00	74.5	-242.02	-242.02	-242.02	-242.02	5	31	5	8	0
0.00	74.5	-242.02	-242.02	-242.02	-242.02	5	31	5	10	0
0.00	74.5	-242.02	-242.02	-242.02	-242.02	5	31	5	12	0
0.00	74.5	-242.02	-242.02	-242.02	-242.02	5	31	5	14	0
0.00	74.5	-242.02	-242.02	-242.02	-242.02	5	31	5	16	0
0.00	74.5	-242.02	-242.02	-242.02	-242.02	5	31	5	18	0
0.00	74.0	-242.02	-242.02	-242.02	-242.02	5	31	5	20	0
0.00	74.0	-242.02	-242.02	-242.02	-242.02	5	31	5	22	0
0.00	74.5	-242.02	-242.02	-242.02	-242.02	5	31	5	24	0
0.00	74.5	-242.02	-242.02	-242.02	-242.02	5	31	5	26	0
0.00	74.5	-242.02	-242.02	-242.02	-242.02	5	31	5	28	0
0.00	74.5	-242.02	-242.02	-242.02	-242.02	5	31	5	30	0
0.00	74.0	-242.02	-242.02	-242.02	-242.02	5	31	5	32	0
0.00	74.0	-242.02	-242.02	-242.02	-242.02	5	31	5	34	0
0.00	74.5	-242.02	-242.02	-242.02	-242.02	5	31	5	36	0
0.00	74.0	-242.02	-242.02	-242.02	-242.02	5	31	5	38	0
0.00	74.0	-242.02	-242.02	-242.02	-242.02	5	31	5	40	0
0.00	74.0	-242.02	-242.02	-242.02	-242.02	5	31	5	42	0
0.00	74.5	-242.02	-242.02	-242.02	-242.02	5	31	5	44	0
0.00	74.0	-242.02	-242.02	-242.02	-242.02	5	31	5	46	0
0.00	74.5	-242.02	-242.02	-242.02	-242.02	5	31	5	48	0
0.00	74.5	-242.02	-242.02	-242.02	-242.02	5	31	5	50	0
0.00	74.5	-242.02	-242.02	-242.02	-242.02	5	31	5	52	0
0.00	74.0	-242.02	-242.02	-242.02	-242.02	5	31	5	54	0
0.00	74.0	-242.02	-242.02	-242.02	-242.02	5	31	5	56	0
0.00	74.0	-242.02	-242.02	-242.02	-242.02	5	31	5	58	0
0.00	74.0	-242.02	-242.02	-242.02	-242.02	5	31	6	0	0
0.00	74.0	-242.02	-242.02	-242.02	-242.02	5	31	6	2	0
0.00	74.0	-242.02	-242.02	-242.02	-242.02	5	31	6	4	0
0.00	74.0	-242.02	-242.02	-242.02	-242.02	5	31	6	6	0
0.00	74.0	-242.02	-242.02	-242.02	-242.02	5	31	6	8	0
0.00	74.0	-242.02	-242.02	-242.02	-242.02	5	31	6	10	0
0.00	74.0	-242.02	-242.02	-242.02	-242.02	5	31	6	12	0
0.00	74.0	-242.02	-242.02	-242.02	-242.02	5	31	6	14	0
0.00	74.0	-242.02	-242.02	-242.02	-242.02	5	31	6	16	0
0.00	74.5	-242.02	-242.02	-242.02	-242.02	5	31	6	18	0
0.00	74.0	-242.02	-242.02	-242.02	-242.02	5	31	6	20	0
0.00	74.0	-242.02	-242.02	-242.02	-242.02	5	31	6	22	0
0.00	74.5	-242.02	-242.02	-242.02	-242.02	5	31	6	24	0
0.00	74.0	-242.02	-242.02	-242.02	-242.02	5	31	6	26	0
0.00	74.0	-242.02	-242.02	-242.02	-242.02	5	31	6	28	0
0.00	74.0	-242.02	-242.02	-242.02	-242.02	5	31	6	30	0
0.00	74.0	-242.02	-242.02	-242.02	-242.02	5	31	6	32	0
0.00	74.0	-242.02	-242.02	-242.02	-242.02	5	31	6	34	0
0.00	74.0	-242.02	-242.02	-242.02	-242.02	5	31	6	36	0
0.00	74.0	-242.02	-242.02	-242.02	-242.02	5	31	6	38	0
4.69	74.0	-242.02	-242.02	-242.02	-242.02	5	31	6	40	0
0.00	74.0	-242.02	-242.02	-242.02	-242.02	5	31	6	42	0
0.00	74.0	-242.02	-242.02	-242.02	-242.02	5	31	6	44	0
0.00	74.0	-242.02	-242.02	-242.02	-242.02	5	31	6	46	0
0.00	74.0	-242.02	-242.02	-242.02	-242.02	5	31	6	48	0
0.00	74.5	-242.02	-242.02	-242.02	-242.02	5	31	6	50	0
0.00	74.5	-242.02	-242.02	-242.02	-242.02	5	31	6	52	0
0.00	74.0	-242.02	-242.02	-242.02	-242.02	5	31	6	54	0
0.00	74.0	-242.02	-242.02	-242.02	-242.02	5	31	6	56	0
0.00	74.0	-242.02	-242.02	-242.02	-242.02	5	31	6	58	0
0.00	74.0	-242.02	-242.02	-242.02	-242.02	5	31	7	0	0
0.00	74.0	-242.02	-242.02	-242.02	-242.02	5	31	7	2	0
0.00	74.0	-242.02	-242.02	-242.02	-242.02	5	31	7	4	0
0.00	74.0	-242.02	-242.02	-242.02	-242.02	5	31	7	6	0
0.00	74.0	-242.02	-242.02	-242.02	-242.02	5	31	7	8	0
0.00	74.0	-242.02	-242.02	-242.02	-242.02	5	31	7	10	0
0.00	74.5	-242.02	-242.02	-242.02	-242.02	5	31	7	12	0
0.00	74.0	-242.02	-242.02	-242.02	-242.02	5	31	7	14	0
0.00	74.5	-242.02	-242.02	-242.02	-242.02	5	31	7	16	0
0.00	74.0	-242.02	-242.02	-242.02	-242.02	5	31	7	18	0
0.00	74.5	-242.02	-242.02	-242.02	-242.02	5	31	7	20	0
0.00	74.5	-242.02	-242.02	-242.02	-242.02	5	31	7	22	0
0.00	74.0	-242.02	-242.02	-242.02	-242.02	5	31	7	24	0
0.00	74.5	-242.02	-242.02	-242.02	-242.02	5	31	7	26	0
0.00	74.0	-242.02	-242.02	-242.02	-242.02	5	31	7	28	0
0.00	74.5	-242.02	-242.02	-242.02	-242.02	5	31	7	30	0
0.00	74.0	-242.02	-242.02	-242.02	-242.02	5	31	7	32	0
0.00	74.0	-242.02	-242.02	-242.02	-242.02	5	31	7	34	0
0.00	74.0	-242.02	-242.02	-242.02	-242.02	5	31	7	36	0
0.00	74.0	-242.02	-242.02	-242.02	-242.02	5	31	7	38	0
0.00	74.5	-242.02	-242.02	-242.02	-242.02	5	31	7	40	0
0.00	74.0	-242.02	-242.02	-242.02	-242.02	5	31	7	42	0
0.00	74.0	-242.02	-242.02	-242.02	-242.02	5	31	7	44	0
0.00	74.0	-242.02	-242.02	-242.02	-242.02	5	31	7	46	0
0.00	74.5	-242.02	-242.02	-242.02	-242.02	5	31	7	48	0
0.00	74.5	-242.02	-242.02	-242.02	-242.02	5	31	7	50	0
0.00	74.0	-242.02	-242.02	-242.02	-242.02	5	31	7	52	0
0.00	74.0	-242.02	-242.02	-242.02	-242.02	5	31	7	54	0
0.00	74.5	-242.02	-242.02	-242.02	-242.02	5	31	7	56	0
0.00	74.0	-242.02	-242.02	-242.02	-242.02	5	31	7	58	0
0.00	74.5	-242.02	-242.02	-242.02	-242.02	5	31	8	0	0
0.00	74.5	-242.02	-242.02	-242.02	-242.02	5	31	8	2	0
0.00	74.5	-242.02	-242.02	-242.02	-242.02	5	31	8	4	0
0.00	74.5	-242.02	-242.02	-242.02	-242.02	5	31	8	6	0
0.00	74.5	-242.02	-242.02	-242.02	-242.02	5	31	8	8	0
0.00	74.5	-242.02	-242.02	-242.02	-242.02	5	31	8	10	0
0.00	74.5	-242.02	-242.02	-242.02	-242.02	5	31	8	12	0
0.00	74.5	-242.02	-242.02	-242.02	-242.02	5	31	8	14	0
0.00	74.5	-242.02	-242.02	-242.02	-242.02	5	31	8	16	0
0.00	74.5	-242.02	-242.02	-242.02	-242.02	5	31	8	18	0
0.00	74.0	-242.02	-242.02	-242.02	-242.02	5	31	8	20	0
0.00	74.0	-242.02	-242.02	-242.02	-242.02	5	31	8	22	0
0.00	74.5	-242.02	-242.02	-242.02	-242.02	5	31	8	24	0
0.00	74.5	-242.02	-242.02	-242.02	-242.02	5	31	8	26	0
0.00	74.5	-242.02	-242.02	-242.02	-242.02	5	31	8	28	0
0.00	74.5	-242.02	-242.02	-242.02	-242.02	5	31	8	30	0
0.00	74.5	-242.02	-242.02	-242.02	-242.02	5	31	8	32	0
0.00	74.5	-242.02	-242.02	-242.02	-242.02	5	31	8	34	0
0.00	74.5	-242.02	-242.02	-242.02	-242.02	5	31	8	36	0
0.00	74.5	-242.02	-242.02	-242.02	-242.02	5	31	8	38	0
0.00	74.5	-242.02	-242.02	-242.02	-242.02	5	31	8	40	0
0.00	74.5	-242.02	-242.02	-242.02	-242.02	5	31	8	42	0
0.00	74.0	-242.02	-242.02	-242.02	-242.02	5	31	8	44	0
0.00	74.5	-242.02	-242.02	-242.02	-242.02	5	31	8	46	0
0.00	74.5	-242.02	-242.02	-242.02	-242.02	5	31	8	48	0
0.00	74.5	-242.02	-242.02	-242.02	-242.02	5	31	8	50	0
0.00	74.5	-242.02	-242.02	-242.02	-242.02	5	31	8	52	0
0.00	74.5	-242.02	-242.02	-242.02	-242.02	5	31	8	54	0
0.00	74.5	-242.02	-242.02	-242.02	-242.02	5	31	8	56	0
0.00	74.5	-242.02	-242.02	-242.02	-242.02	5	31	8	58	0
0.00	74.5	-242.02	-242.02	-242.02	-242.02	5	31	9	0	0
0.00	74.5	-242.02	-242.02	-242.02	-242.02	5	31	9	2	0
0.00	74.5	-242.02	-242.02	-242.02	-242.02	5	31	9	4	0
0.00	74.5	-242.02	-242.02	-242.02	-242.02	5	31	9	6	0
0.00	74.5	-242.02	-242.02	-242.02	-242.02	5	31	9	8	0
0.00	74.5	-242.02	-242.02	-242.02	-242.02	5	31	9	10	0
0.00	74.5	-242.02	-242.02	-242.02	-242.02	5	31	9	12	0
0.00	74.5	-242.02	-242.02	-242.02	-242.02	5	31	9	14	0
0.00	74.5	-242.02	-242.02	-242.02	-242.02	5	31	9	16	0
0.00	74.5	-242.02	-242.02	-242.02	-242.02	5	31	9	18	0
0.00	74.5	-242.02	-242.02	-242.02	-242.02	5	31	9	20	0
0.00	74.5	-242.02	-242.02	-242.02	-242.02	5	31	9	22	0
0.00	74.5	-242.02	-242.02	-242.02	-242.02	5	31	9	24	0
0.00	74.5	-242.02	-242.02	-242.02	-242.02	5	31	9	26	0
0.00	74.5	-242.02	-242.02	-242.02	-242.02	5	31	9	28	0
0.00	74.5	-242.02	-242.02	-242.02	-242.02	5	31	9	30	0
0.00	74.5	-242.02	-242.02	-242.02	-242.02	5	31	9	32	0
0.00	74.5	-242.02	-242.02	-242.02	-242.02	5	31	9	34	0
0.00	74.5	-242.02	-242.02	-242.02	-242.02	5	31	9	36	0
0.00	74.5	-242.02	-242.02	-242.02	-242.02	5	31	9	38	0
0.00	74.5	-242.02	-242.02	-242.02	-242.02	5	31	9	40	0
0.00	74.5	-242.02	-242.02	-242.02	-242.02	5	31	9	42	0
0.00	74.5	-242.02	-242.02	-242.02	-242.02	5	31	9	44	0
0.00	74.5	-242.02	-242.02	-242.02	-242.02	5	31	9	46	0
0.00	74.5	-242.02	-242.02	-242.02	-242.02	5	31	9	48	0
0.00	74.5	-242.02	-242.02	-242.02	-242.02	5	31	9	50	0
0.00	74.5	-242.02	-242.02	-242.02	-242.02	5	31	9	52	0
0.00	74.5	-242.02	-242.02	-242.02	-242.02	5	31	9	54	0
0.00	74.5	-242.02	-242.02	-242.02	-242.02	5	31	9	56	0
0.00	74.5	-242.02	-242.02	-242.02	-242.02	5	31	9	58	0
0.00	74.5	-242.02	-242.02	-242.02	-242.02	5	31	10	0	0
0.00	74.5	-242.02	-242.02	-242.02	-242.02	5	31	10	2	0
.00		242.02	-242.02	-242.02	-242.02	5	31	10	4	0
0.00		-242.02	-242.02	-242.02	-242.02	5	31	10	6	0
0.00		-242.02	-242.02	-242.02	-242.02	5	31	10	8	0
0.00		-242.02	-242.02	-242.02	-242.02	5	31	10	10	0
0.00		-242.02	-242.02	-242.02	-242.02	5	31	10	12	0
0.00		-242.02	-242.02	-242.02	-242.02	5	31	10	14	0
0.00	74.5 g     74.5	-242.02	-242.02	-242.02	-242.02	5	31	10	16	0
