Cond	Weight	HotIn	HotOut	ColdIn	ColdOut	Month	Day	Hour	Minute	Second
0.00		-242.02	-242.02	-242.02	-242.02	5	31	10	27	0
0.00		-242.02	-242.02	-242.02	-242.02	5	31	10	27	0
0.00	74.5	-242.02	-242.02	-242.02	-242.02	5	31	10	28	0
0.00		-242.02	-242.02	-242.02	-242.02	5	31	10	28	0
0.00		-242.02	-242.02	-242.02	-242.02	5	31	10	28	0
0.00	70.5	-242.02	-242.02	-242.02	-242.02	5	31	10	29	0
0.00		-242.02	-242.02	-242.02	-242.02	5	31	10	29	0
0.00		-242.02	-242.02	-242.02	-242.02	5	31	10	29	0
0.00	538.0	-242.02	-242.02	-242.02	-242.02	5	31	10	30	0
0.00		-242.02	-242.02	-242.02	-242.02	5	31	10	30	0
0.00		-242.02	-242.02	-242.02	-242.02	5	31	10	30	0
0.00	74.5	-242.02	-242.02	-242.02	-242.02	5	31	10	31	0
0.00		-242.02	-242.02	-242.02	-242.02	5	31	10	31	0
0.00		-242.02	-242.02	-242.02	-242.02	5	31	10	31	0
0.00	74.5	-242.02	-242.02	-242.02	-242.02	5	31	10	32	0
0.00		-242.02	-242.02	-242.02	-242.02	5	31	10	32	0
0.00		-242.02	-242.02	-242.02	-242.02	5	31	10	32	0
0.00	246.5	-242.02	-242.02	-242.02	-242.02	5	31	10	33	0
0.00	246.5	-242.02	-242.02	-242.02	-242.02	5	31	10	33	0
0.00		-242.02	-242.02	-242.02	-242.02	5	31	10	33	0
0.00	246.5	-242.02	-242.02	-242.02	-242.02	5	31	10	34	0
0.00		-242.02	-242.02	-242.02	-242.02	5	31	10	34	0
0.00	246.5	-242.02	-242.02	-242.02	-242.02	5	31	10	34	0
0.00	246.5	-242.02	-242.02	-242.02	-242.02	5	31	10	35	0
0.00		-242.02	-242.02	-242.02	-242.02	5	31	10	35	0
0.00		-242.02	-242.02	-242.02	-242.02	5	31	10	35	0
0.00	5	-242.02	-242.02	-242.02	-242.02	5	31	10	36	0
0.00		-242.02	-242.02	-242.02	-242.02	5	31	10	36	0
0.00		-242.02	-242.02	-242.02	-242.02	5	31	10	36	0
0.00	246.5	-242.02	-242.02	-242.02	-242.02	5	31	10	37	0
0.00		-242.02	-242.02	-242.02	-242.02	5	31	10	37	0
0.00		-242.02	-242.02	-242.02	-242.02	5	31	10	37	0
0.00	246.5	-242.02	-242.02	-242.02	-242.02	5	31	10	38	0
0.00		-242.02	-242.02	-242.02	-242.02	5	31	10	38	0
0.00		-242.02	-242.02	-242.02	-242.02	5	31	10	38	0
